111111111111111111111
111111111111111111111
111111111111111111111
111111111111111111111
111111100000011111111
111110000000000111111
111100000000000011111
111100001111000001111
111000011111100001111
110000011111110000111
110000111111110000111
110000111111110000111
110000111111110000011
100001111111111000011
100001111111111000011
100001111111111000011
100001111111111000011
100001111111111000011
100001111111111000011
100001111111111000011
100001111111111000011
100001111111111000011
100001111111111000011
100001111111111000111
110000111111110000111
110000111111110000111
110000111111110000111
111000011111100001111
111000001111000011111
111100000000000011111
111110000000000111111
111111100000011111111
111111111111111111111
111111111111111111111
111111111111111111111
111111111111111111111
111111111111111111111
