111111111111111111111
111111111111111111111
111111111111111111111
111111111111111111111
000011111111111110000
100001111111111100001
100001111111111000001
110000111111111000011
111000011111110000111
111000011111110000111
111100001111100001111
111100001111000011111
111110000111000011111
111111000110000111111
111111000010000111111
111111100000001111111
111111100000011111111
111111110000011111111
111111110000011111111
111111100000001111111
111111000000001111111
111111000010000111111
111110000110000111111
111110001111000011111
111100001111100001111
111000011111100001111
111000011111110000111
110000111111110000111
100001111111111000011
100001111111111000001
000011111111111100001
000111111111111110000
111111111111111111111
111111111111111111111
111111111111111111111
111111111111111111111
111111111111111111111
