111111111111111111111
111111111111111111111
111111111111111111111
111111111111111111111
111000000000000001111
111000000000000001111
111000000000000001111
111000111111111111111
111000111111111111111
111000111111111111111
111001111111111111111
110001111111111111111
110001111111111111111
110001111111111111111
110001111111111111111
110000000000111111111
110000000000001111111
110000000000000011111
111111111100000001111
111111111111000001111
111111111111100000111
111111111111110000111
111111111111110000111
111111111111110000111
111111111111110000111
111111111111110000111
111111111111100001111
111111111111000001111
111111111110000011111
110000000000000111111
110000000000001111111
111000000000111111111
111111111111111111111
111111111111111111111
111111111111111111111
111111111111111111111
111111111111111111111
