111111111111111111111
111111111111111111111
111111111111111111111
111111111111111111111
111111111110000111111
111111111110000111111
111111111100000111111
111111111100000111111
111111111000000111111
111111111000000111111
111111110001000111111
111111100001000111111
111111000011000111111
111111000111000111111
111110000111000111111
111100001111000111111
111100011111000111111
111000111111000111111
110000111111000111111
100001111111000111111
000011111111000111111
000111111111000111111
000000000000000000011
000000000000000000011
000000000000000000011
111111111111000111111
111111111111000111111
111111111111000111111
111111111111000111111
111111111111000111111
111111111111000111111
111111111111000111111
111111111111111111111
111111111111111111111
111111111111111111111
111111111111111111111
111111111111111111111
