111111111111111111111
111111111111111111111
111111111111111111111
111111111111111111111
111111111100111111111
111111111000111111111
111111100000111111111
111110000000111111111
111000000000111111111
111000011000111111111
111001111000111111111
111111111000111111111
111111111000111111111
111111111000111111111
111111111000111111111
111111111000111111111
111111111000111111111
111111111000111111111
111111111000111111111
111111111000111111111
111111111000111111111
111111111000111111111
111111111000111111111
111111111000111111111
111111111000111111111
111111111000111111111
111111111000111111111
111111111000111111111
111111111000111111111
111111111000111111111
111111111000111111111
111111111000111111111
111111111111111111111
111111111111111111111
111111111111111111111
111111111111111111111
111111111111111111111
