111111111111111111111
111111111111111111111
111111111111111111111
111111111111111111111
111111000000011111111
111100000000001111111
111000000000000011111
111000111110000011111
111011111111000001111
111111111111100001111
111111111111100001111
111111111111100001111
111111111111100001111
111111111111000011111
111111111111000011111
111111111100000111111
111110000000011111111
111110000000111111111
111110000000000111111
111111111110000011111
111111111111100001111
111111111111100000111
111111111111110000111
111111111111110000111
111111111111110000111
111111111111110000111
111111111111100000111
110111111111100001111
110001111110000011111
110000000000000011111
110000000000001111111
111100000000111111111
111111111111111111111
111111111111111111111
111111111111111111111
111111111111111111111
111111111111111111111
