111111111111111111111
111111111111111111111
111111111111111111111
111111111111111111111
111111000000111111111
111100000000001111111
110000000000000111111
110000111110000011111
110011111111100011111
110111111111110001111
111111111111110001111
111111111111110001111
111111111111110001111
111111111111110001111
111111111111100001111
111111111111100011111
111111111111000011111
111111111110000111111
111111111100001111111
111111110000011111111
111111100000111111111
111111000001111111111
111110000111111111111
111100001111111111111
111000011111111111111
110000111111111111111
110001111111111111111
100001111111111111111
100001111111111111111
100000000000000000111
100000000000000000111
100000000000000000111
111111111111111111111
111111111111111111111
111111111111111111111
111111111111111111111
111111111111111111111
