111111111111111111111
111111111111111111111
111111111111111111111
111111111111111111111
111111100000011111111
111110000000000111111
111100000000000011111
111000001111000001111
110000011111100001111
110000111111110000111
100001111111110000111
100001111111111000111
100001111111111000011
100001111111111000011
100001111111111000011
100001111111111000011
110000111111110000011
110000011111100000011
110000001111000000011
111000000000001000011
111100000000001000011
111111000000111000011
111111111111111000111
111111111111110000111
111111111111110000111
111111111111110001111
111111111111100001111
111111111111000011111
110011111100000111111
110000000000001111111
110000000000011111111
111000000001111111111
111111111111111111111
111111111111111111111
111111111111111111111
111111111111111111111
111111111111111111111
