111111111111111111111
111111111111111111111
111111111111111111111
111111111111111111111
111111100000011111111
111110000000000111111
111100000000000011111
111000001111000001111
110000011111100000111
110000111111110000111
110000111111110000111
110000111111110000111
110000111111110000111
111000111111100001111
111000011111100001111
111100001111000011111
111110000000000111111
111110000000000111111
111000000000000011111
111000011111000001111
110001111111100001111
100001111111110000111
100011111111111000111
100011111111111000111
100011111111111000111
100011111111111000111
100001111111110000111
110001111111110001111
110000011111000001111
111000000000000011111
111100000000000111111
111111000000011111111
111111111111111111111
111111111111111111111
111111111111111111111
111111111111111111111
111111111111111111111
