111111111111111111111
111111111111111111111
111111111111111111111
111111111111111111111
100000000000000000111
100000000000000000111
100000000000000000111
111111111111110001111
111111111111100001111
111111111111100011111
111111111111000011111
111111111111000111111
111111111110000111111
111111111110001111111
111111111100001111111
111111111100001111111
111111111000011111111
111111111000011111111
111111111000111111111
111111110000111111111
111111110000111111111
111111100001111111111
111111100001111111111
111111100001111111111
111111000011111111111
111111000011111111111
111111000011111111111
111111000011111111111
111110000111111111111
111110000111111111111
111110000111111111111
111110000111111111111
111111111111111111111
111111111111111111111
111111111111111111111
111111111111111111111
111111111111111111111
