111111111111111111111
111111111111111111111
111111111111111111111
111111111111111111111
111111111000000011111
111111100000000001111
111111000000000001111
111110000011111001111
111100001111111111111
111000011111111111111
111000011111111111111
110000111111111111111
110000111111111111111
110001111111111111111
100001111111111111111
100001111000001111111
100001100000000011111
100001000000000001111
100000001111100000111
100000111111110000111
100000111111110000011
100001111111111000011
100001111111111000011
100001111111111000011
100001111111111000011
110001111111111000011
110000111111110000111
111000011111110000111
111000001111000001111
111100000000000011111
111110000000000111111
111111100000011111111
111111111111111111111
111111111111111111111
111111111111111111111
111111111111111111111
111111111111111111111
